INFO: 2023-02-13 21:51:12,413: Data
INFO: 2023-02-13 21:51:15,797: Data shape (110527, 14)
INFO: 2023-02-13 21:51:18,028: Percentage of women: 0.653882342398853
INFO: 2023-02-13 21:51:21,630: Percentage of men: 0.346117657601147
ERROR: 2023-02-13 21:51:33,440: Data shape is incorrect!
